function [realx, realy] = realData()
realy = zeros(8, 12);
realx = [19, 34, 49, 64, 94, 124, 214, 304, 454, 604, 753, 900];

%tfviia 1024
realy(8,:) = [20.43478, 28.78261, 30.82609, 31.65217, 34.73913, 33.34783, 34.17391, 34.26087, 33.69565, 36.08695, 32.21739, 37.65217];

%tfviia 512
realy(7,:) = [15.04348, 19.69565, 19.52174, 18.69565, 18.08695, 17.08695, 17.91304, 18.47826, 19.82608, 18.08695, 18.6087, 20.43478];

%tfviia 384
realy(6,:) = [13.65217, 16.13043, 14.43478, 15.73913, 16.60869, 13.69565, 14.82608, 14.86956, 16.34782, 15.82608, 16.52173, 17.13043];

%tfviia 256
realy(5,:) = [7.47826, 9.47826, 9.91304, 9.43478, 9.43478, 9.13043, 9.26087, 10, 10.08695, 10.04348, 10.043478, 9.13043];

%tfviia 192
realy(4,:) = [5.69565, 7.69565, 8.43478, 8.52174, 8.21739, 7.56522, 7.21739, 7.60869, 7.52174, 7.04348, 8.08695, 7.56522];

%tfviia 128
realy(3,:) = [3.043478, 4.82608, 4.08695, 5.21739, 4.86956, 4.60869, 4.30435, 4.60869, 4.17391, 4.78261, 4.47826, 5.17391];

%tfviia 64
realy(2,:) = [1.08695, 1.78261, 2.26087, 2.52174, 1.95652, 1.95652, 1.73913, 1.69565, 1.43478, 1.08695, 1.043478, 1.43478];

%tfviia 32
realy(1,:) = [0.30435, 0.86956, 0.95652, 0.91304, 0.86956, 0.73913, 0.73913, 0.52174, 0.30435, 0.04348, 0.08695, 0.26087];

end