function [realx, realy] = realDataB()
realy = zeros(4, 12);
realx = [15, 30, 45, 60, 90, 120, 210, 300, 450, 600, 750, 900];

%0.0 Xa
realy(1,:) = [3.44, 4.74, 4.59, 4.63, 4.45, 4.22, 3.88, 3.96, 4.01, 3.94, 4.03, 4.15];

%0.25 Xa
realy(2,:) = [2.4, 3.02, 3.03, 2.87, 2.99, 2.78, 2.44, 2.38, 2.32, 2.37, 2.34, 2.6];

%0.5 Xa
realy(3,:) = [1.6, 1.8, 1.87, 1.87, 1.75, 1.75, 1.76, 1.4, 1.26, 1.28, 1.59, 1.44];

%1.0 Xa
realy(4,:) = [1.14, 1.27, 1.2, 1.26, 1.25, 1.23, 1.29, 1.0, 1.4, 1.11, 0.87, 1.22];
end